0.15888 0.0607613
10.1488 0.0493199
20.138 0.053679
30.142 0.0416542
40.1277 0.0407815
50.1326 0.0419384
60.1369 0.0358211
70.1229 0.033025
0.168691 10.05
10.1653 10.0435
20.148 10.0415
30.1543 10.0302
40.1379 10.0307
50.1451 10.032
60.1473 10.0228
70.1356 10.0229
0.166933 20.0654
10.1614 20.054
20.1487 20.0569
30.1507 20.047
40.1366 20.0447
50.1461 20.0499
60.144 20.0386
70.1324 20.0354
0.140464 30.0617
10.1373 30.051
20.1202 30.0502
30.1245 30.0388
40.1106 30.0413
50.1158 30.0407
60.1204 30.029
70.1089 30.0291
0.106853 40.0699
10.0994 40.06
20.0846 40.0615
30.0934 40.0491
40.0752 40.0496
50.0849 40.0481
60.0852 40.0393
70.0761 40.0397
0.101373 50.0755
10.0962 50.067
20.0859 50.0692
30.0883 50.0572
40.0723 50.0559
50.0778 50.0549
60.0804 50.0458
70.0691 50.0464
0.124067 60.0577
10.1168 60.0483
20.1045 60.0464
30.1069 60.0358
40.0933 60.0358
50.0988 60.0344
60.1015 60.0244
70.0904 60.0261
0.108772 70.0541
10.1038 70.0448
20.0894 70.0432
30.0963 70.0354
40.0806 70.0342
50.0863 70.0358
60.0891 70.0242
70.0759 70.0223
0.0907781 80.0434
10.0859 80.0344
20.0738 80.0351
30.0765 80.023
40.0631 80.0246
50.0666 80.0236
60.0696 80.0111
70.0609 80.011
0.0876787 90.0406
10.083 90.0313
20.0687 90.029
30.0737 90.018
40.0604 90.0189
50.0685 90.0195
60.0672 90.0067
70.0608 90.0072
0.0884629 100.043
10.0839 100.033
20.0698 100.032
30.0749 100.02
40.0617 100.019
50.0677 100.02
60.0686 100.008
70.0579 100.008
